362.6 91.8     1527858.6
369.1 49.8     457691.4
177.0 32.9     95793.3
768.3 78.3     2355181.5
521.6 47.4     585955.1
325.3 54.9     490228.8
159.6 55.5     245804.0
846.0 44.5     837645.8
40.3 42.5     36395.9
534.3 5.3     7504.2
361.2 97.4     1713309.0
261.2 95.2     1183633.0
447.3 70.1     1099018.2
556.0 54.9     837894.9
923.3 98.6     4488143.0
837.0 51.0     1088518.5
117.3 16.2     15392.1
678.3 6.1     12619.8
236.4 37.1     162691.6
754.6 53.2     1067849.5
823.8 69.4     1983858.8
837.6 56.8     1351149.2
10.8 84.0     38102.4
972.4 80.0     3111680.0
59.9 86.1     222025.6
999.5 98.2     4819209.0
540.7 4.0     4325.6
412.8 1.0     206.4
599.7 82.6     2045804.5
317.8 29.5     138282.7
428.4 7.0     10495.8
932.8 52.6     1290416.8
181.5 30.3     83316.7
671.5 57.7     1117809.1
591.1 81.5     1963116.9
744.6 79.2     2335303.8
118.0 18.5     20192.8
386.8 95.2     1752791.8
88.1 75.9     253763.7
932.7 18.1     152780.9
358.0 39.5     279284.8
17.7 68.7     41769.3
131.2 99.8     653378.7
188.1 44.4     185406.4
788.3 60.2     1428415.4
103.6 80.8     338183.6
688.9 20.3     141944.4
663.4 15.4     78666.0
551.4 32.8     296609.1
704.3 46.0     745149.4
234.4 81.8     784213.4
143.3 84.1     506766.8
769.0 21.6     179392.3
342.1 59.3     601495.6
523.8 22.2     129074.8
313.4 84.6     1121526.9
350.6 13.6     32423.5
694.7 25.7     229421.2
788.3 94.9     3549719.0
23.7 54.5     35197.5
478.7 5.6     7506.0
39.0 62.3     75685.1
328.7 79.7     1043965.9
842.6 49.0     1011541.3
983.0 62.2     1901534.9
934.6 11.2     58618.1
321.0 92.1     1361426.9
113.1 39.2     86897.0
36.2 78.6     111821.1
140.1 35.4     87783.9
588.6 79.9     1878814.1
941.0 97.6     4481870.0
514.0 69.5     1241374.2
31.3 65.7     67553.1
188.8 49.2     228508.4
286.8 6.6     6246.5
949.1 71.8     2446419.2
123.4 47.5     139210.6
935.1 11.8     65101.7
335.8 56.0     526534.4
171.6 36.6     114934.3
392.1 77.6     1180566.0
406.2 43.2     379033.4
893.5 28.2     355273.5
644.4 45.8     675859.6
199.6 94.5     891239.0
531.3 72.7     1404037.1
383.3 8.7     14506.0
28.0 4.3     258.9
583.6 38.5     432520.5
625.9 34.4     370332.6
353.7 72.3     924446.4
651.7 3.5     3991.7
562.4 52.6     778012.9
587.6 49.2     711184.1
122.5 13.4     10998.0
475.1 91.6     1993177.5
875.6 13.7     82170.7
42.2 34.3     24823.9
264.4 93.6     1158198.9
550.6 32.2     285442.1
297.2 61.6     563871.6
409.8 52.9     573394.3
204.1 35.0     125011.3
213.8 54.4     316355.6
227.7 1.1     137.8
235.7 78.3     722525.4
79.3 76.4     231435.5
988.9 4.4     9572.6
809.7 63.0     1606849.6
613.4 60.7     1130033.1
384.7 67.6     878993.3
701.1 79.2     2198873.8
192.4 96.3     892129.0
238.1 40.3     193347.9
645.2 9.2     27304.9
370.0 67.6     845405.6
897.6 9.8     43102.8
408.6 93.3     1778409.1
502.2 37.5     353109.4
280.8 94.8     1261780.5
487.9 20.7     104530.1
320.4 44.1     311558.5
163.1 92.5     697762.2
27.9 12.1     2042.4
813.2 17.2     120288.6
92.0 16.0     11776.0
113.0 98.9     552638.4
432.3 61.3     812224.7
214.9 64.2     442870.2
288.6 75.0     811687.5
355.0 18.3     59443.0
986.2 85.2     3579432.5
944.2 42.4     848722.6
146.0 51.8     195876.5
213.4 75.2     603392.7
866.0 52.2     1179855.8
960.1 73.1     2565199.8
297.7 89.0     1179040.9
911.3 49.0     1094015.6
626.9 3.4     3623.5
969.4 93.0     4192170.5
588.5 52.3     804859.1
727.4 90.3     2965642.8
407.9 63.5     822377.4
284.5 70.7     711035.2
458.6 66.2     1004893.4
500.3 12.5     39085.9
838.9 67.4     1905460.9
602.2 8.4     21245.6
466.6 50.8     602063.3
679.3 7.0     16642.8
881.2 1.7     1273.3
312.0 81.2     1028576.6
754.4 67.7     1728816.9
893.1 77.9     2709848.5
504.3 92.5     2157458.5
286.9 61.5     542563.8
635.6 92.8     2736843.0
228.2 62.8     449992.1
456.7 30.3     209645.8
436.7 20.9     95377.5
37.3 87.8     143769.9
20.8 73.3     55878.1
378.9 9.6     17459.7
461.6 89.5     1848765.8
227.9 38.8     171544.9
993.7 71.0     2504621.0
154.8 93.0     669432.6
360.7 49.3     438338.9
120.9 10.6     6792.2
986.2 72.2     2570451.0
715.7 76.3     2083292.0
251.2 32.3     131037.2
442.9 55.6     684581.6
352.4 24.9     109245.8
479.1 31.9     243768.5
963.2 17.9     154309.4
249.5 6.2     4795.4
368.4 47.6     417352.9
206.8 49.4     252333.2
697.7 34.1     405646.3
566.6 65.9     1230318.0
611.0 16.9     87253.9
376.7 58.9     653425.8
742.7 41.0     624239.4
448.9 41.5     386559.0
325.5 85.0     1175868.8
71.2 59.6     126456.9
903.8 67.5     2058969.4
352.0 11.1     21685.0
263.6 82.2     890551.4
979.8 77.7     2957668.0
805.7 84.6     2883261.8
537.7 78.6     1660944.6
341.9 89.8     1378547.8
384.1 15.8     47943.4
688.1 54.4     1018167.8
163.3 38.1     118523.9
726.0 8.2     24408.1
848.6 40.2     685685.8
659.1 53.5     943254.4
815.5 82.9     2802225.2
637.3 36.2     417571.7
966.2 31.3     473288.2
625.5 99.0     3065262.8
527.0 40.0     421600.0
251.5 65.2     534568.3
654.5 82.7     2238157.5
278.9 4.2     2459.9
700.6 74.8     1959942.6
556.0 40.0     444800.0
422.0 35.8     270426.0
584.7 73.0     1557933.1
984.0 86.9     3715392.2
927.0 76.7     2726719.2
528.7 2.0     1057.4
202.1 34.4     119578.5
829.6 90.8     3419876.8
478.4 62.7     940364.6
153.6 27.0     55987.2
122.0 99.8     607562.5
385.2 38.0     278114.4
954.8 11.3     60959.2
520.4 34.1     302563.2
627.6 20.4     130591.0
399.0 42.1     353595.8
62.4 66.1     136319.4
442.4 66.0     963547.2
345.8 39.7     272506.0
24.5 20.2     4998.5
614.7 60.4     1121262.0
877.3 70.1     2155530.2
765.6 90.0     3100680.0
755.7 75.5     2153839.5
858.2 77.4     2570635.2
920.6 33.8     525865.1
122.5 64.6     255606.0
262.3 13.8     24976.2
606.7 65.8     1313396.5
106.0 14.4     10990.1
918.7 71.9     2374660.5
521.5 90.8     2149790.0
608.6 43.1     565270.7
18.8 85.2     68235.0
721.9 82.2     2438881.2
523.8 83.2     1812934.4
689.5 73.9     1882752.2
10.6 54.1     15512.1
42.6 45.7     44484.8
751.9 58.8     1299824.6
765.8 70.9     1924765.5
215.3 85.4     785108.7
284.9 45.1     289744.7
819.7 37.4     573281.9
790.2 48.7     937054.8
184.6 28.8     76557.3
760.2 86.0     2811219.8
918.5 40.1     738478.6
51.3 96.3     237870.2
188.5 4.4     1824.7
703.9 44.0     681375.3
187.8 8.0     6009.6
14.3 75.1     40326.1
642.6 87.0     2431919.5
92.0 87.8     354606.7
719.7 15.9     90973.7
83.9 17.6     12994.4
176.1 99.7     875224.9
805.0 94.0     3556490.0
690.6 86.9     2607571.0
225.9 24.6     68352.8
564.0 84.0     1989792.0
353.7 91.5     1480632.5
995.3 63.8     2025654.4
400.2 80.6     1299921.6
147.0 39.3     113520.0
920.9 44.2     899553.6
881.0 65.5     1889855.1
137.8 64.6     287530.7
344.7 56.7     554086.3
2.1 64.8     4409.0
268.2 49.1     323289.6
399.2 29.6     174881.5
604.5 5.4     8813.6
235.9 67.0     529477.6
857.9 41.0     721065.0
67.0 43.8     64267.7
424.1 72.6     1117664.6
379.7 6.1     7064.3
669.5 9.1     27720.6
21.9 25.7     7232.4
111.3 8.8     4309.5
502.5 28.3     201223.6
323.8 11.1     19947.7
797.4 74.0     2183281.2
587.7 54.4     869608.0
625.0 68.6     1470612.5
288.8 52.4     396487.8
213.5 16.2     28015.5
855.6 8.1     28068.0
9.2 24.8     2829.2
280.0 64.7     586052.6
223.3 94.1     988639.5
703.4 7.3     18742.1
217.1 34.9     132215.0
191.7 12.6     15217.1
473.9 12.1     34691.9
862.5 85.6     3159924.0
890.4 44.6     885574.0
261.3 31.9     132950.7
685.3 93.3     2982730.8
100.1 11.2     6278.3
900.8 69.7     2188083.5
648.2 3.7     4436.9
38.7 86.1     143445.6
654.3 54.7     978862.3
170.0 97.3     804719.8
244.9 52.0     331104.8
200.6 15.9     25356.8
42.3 60.7     77927.0
988.7 49.6     1216180.1
329.7 86.0     1219230.6
495.6 22.9     129948.8
466.8 77.2     1391026.5
117.3 6.0     2111.4
635.5 82.9     2183708.2
982.7 85.2     3566729.2
15.6 54.3     22998.2
258.1 42.2     229817.4
490.7 44.2     479325.6
893.9 59.0     1555833.0
338.9 32.5     178981.6
815.4 58.3     1385727.5
970.9 55.8     1511516.5
957.4 24.1     278033.8
768.3 64.0     1573478.4
947.8 75.1     2672800.5
418.1 8.1     13715.8
634.1 18.6     109686.6
663.3 58.9     1150563.5
29.7 78.2     90811.3
238.0 37.1     163792.8
171.1 37.1     117751.9
329.7 51.3     433834.1
596.3 33.0     324685.3
653.2 97.4     3098376.0
697.8 17.2     103218.6
30.4 57.4     50080.4
741.0 43.6     704305.6